Level | Moves | Grade
  0   |  263  |  286
  1   |  591  |  521
  2   |  269  |  286
  3   |  531  |  750
  4   |  257  |  258
  5   |  541  |  758
  6   |  270  |  79
  7   |  532  |  363
  8   |  269  |  173
  9   |  539  |  495
 10   |  270  |  187
 11   |  539  |  1298
 12   |  270  |  66
 13   |  537  |  310
 14   |  269  |  130
 15   |  538  |  269
 16   |  269  |  179
 17   |  539  |  981
 18   |  270  |  40
 19   |  538  |  349
 20   |  268  |  110
 21   |  538  |  175
 22   |  267  |  120
 23   |  536  |  662
